# assign 10-digit land parcels to FIRM panels

pins <- c(
  "0427302008" = "17031C0229J",
  "0427302009" = "17031C0229J",
  "0633108005" = "17031C0163K",
  "0633108006" = "17031C0163K",
  "0633108007" = "17031C0163K",
  "0633108008" = "17031C0163K",
  "0633108009" = "17031C0163K",
  "0633200015" = "17031C0163K",
  "0633205020" = "17031C0163K",
  "1705320076" = "17031C0418J",
  "1710130027" = "17031C0438K",
  "1710400054" = "17031C0438K",
  "2226307004" = "17031C0587J", # used to be a golf course
  "2226307005" = "17031C0587J", # used to be a golf course
  "2433302053" = "17031C0638J",
  "2730212019" = "17031C0684J", # in LOMR, might be a buyout property in orland park?
  "2804400093" = "17031C0638J",
  "2130111028" = "17031C0539K"
)
